[0 1 2 2 2 2 2 2 2 2 2 2 2 2 2 2 2 2 2 2 2 2 2 2 2 2 2 2 2 2 2 2 2 0 0 0 0 0 0 0 0 0 0 0 0 0 0 0 0 2 2 0 0 0 0 0 0 0 0 2 2 2 2 2 2 2 2 2 2 2 2 2 2 2 2 2 2 2 2 2 2 2 2 2 2 2 2 2 2 2 2 2 2 2 2 0 0 0 0 0 0]
[0 1 2 2 2 2 2 2 2 2 2 2 2 2 2 2 2 2 2 2 2 2 2 2 2 2 2 2 2 2 2 2 2 0 0 0 0 0 0 0 0 0 0 0 0 0 0 0 0 0 2 2 0 0 0 0 0 0 2 2 2 2 2 2 2 2 2 2 2 2 2 2 2 2 2 2 2 2 2 2 2 2 2 2 2 2 2 2 2 2 2 2 2 2 2 2 0 0 0 0 0]
[0 1 2 2 2 2 2 2 2 2 2 2 2 2 2 2 2 2 2 2 2 2 2 2 2 2 2 2 2 2 2 2 2 2 2 0 0 0 0 0 0 0 0 2 2 2 0 0 0 0 2 2 0 0 0 0 0 0 2 2 2 2 2 2 2 2 2 2 2 2 2 2 2 2 2 2 2 2 0 0 0 2 2 2 2 2 2 2 2 2 2 2 2 2 2 2 2 0 0 0 0]
[0 1 2 2 2 2 2 2 2 2 2 2 2 2 2 2 2 2 2 2 2 2 2 2 2 2 2 2 2 2 2 2 2 2 2 2 2 0 0 0 0 0 0 0 2 2 0 0 2 2 2 2 0 0 0 0 0 0 2 2 2 2 2 2 2 2 2 2 2 2 2 2 2 2 2 2 2 2 0 0 0 2 2 2 2 2 2 2 2 2 2 2 2 2 2 2 2 0 0 0 0]
[0 1 2 2 2 2 2 2 2 2 2 2 2 2 2 2 2 2 2 2 2 2 2 2 2 2 2 2 2 2 2 0 0 0 2 2 2 0 0 0 0 0 0 0 0 2 2 2 2 2 2 2 0 0 2 2 0 0 2 2 2 2 2 2 2 2 2 2 2 2 2 2 2 2 2 2 2 2 0 0 0 2 2 2 2 2 2 2 2 2 2 2 2 2 2 2 2 0 0 0 2]
[0 1 2 2 2 2 2 2 2 2 2 2 2 2 2 2 2 2 2 2 2 2 2 2 2 2 2 2 2 2 2 0 0 0 0 0 0 0 0 0 2 0 0 0 0 2 2 2 2 2 2 2 2 2 2 2 2 2 2 2 0 2 2 0 0 2 2 2 2 2 2 2 2 2 2 2 2 2 8 8 0 0 2 2 0 0 0 2 2 2 2 2 2 2 2 2 2 0 0 2 2]
[0 1 2 2 2 2 2 2 2 2 0 0 2 2 2 2 2 2 2 2 2 2 2 2 2 2 2 2 2 2 0 0 0 0 0 0 0 0 0 0 2 2 0 0 0 2 2 2 2 2 2 2 2 2 2 2 2 2 2 2 0 0 0 0 0 2 2 2 2 2 2 2 2 0 2 0 8 8 8 8 8 9 9 0 0 0 0 2 2 2 2 2 2 2 2 2 2 2 2 2 2]
[0 1 0 2 2 2 0 0 2 2 0 0 2 2 2 2 2 2 2 2 2 2 2 2 2 2 2 2 2 0 0 0 0 0 0 0 0 0 0 2 2 2 2 0 2 2 2 2 2 0 0 0 0 2 2 2 2 2 2 2 2 0 0 0 0 0 2 2 2 2 2 2 2 0 0 8 8 8 8 8 9 9 9 9 0 0 0 2 2 2 2 2 2 0 0 2 2 2 2 2 2]
[0 1 0 2 2 2 0 0 0 0 0 0 2 2 2 2 2 2 2 2 2 2 2 2 2 2 2 2 2 0 0 0 0 0 0 0 0 2 2 2 2 2 2 2 2 2 2 2 2 0 0 0 0 2 2 2 2 2 2 2 0 0 0 0 0 0 2 2 2 2 2 2 2 0 8 8 8 8 14 14 9 9 9 9 9 0 2 2 2 0 0 0 0 0 0 2 2 2 2 2 2]
[0 1 2 2 2 2 2 0 0 0 0 0 0 0 2 2 2 2 2 2 2 2 2 2 2 2 2 2 2 2 2 0 0 0 0 0 0 2 2 2 2 0 0 2 2 2 2 2 2 0 0 0 0 2 2 2 2 2 2 2 0 0 0 0 2 2 2 2 2 2 2 2 2 8 8 8 13 13 14 14 14 14 9 9 9 9 2 2 2 0 0 0 0 0 0 0 2 2 2 2 2]
[0 1 2 2 2 2 2 2 0 0 0 0 0 2 2 2 2 2 2 2 2 2 2 2 2 2 2 2 2 2 2 0 0 0 0 0 0 2 2 2 0 0 0 0 2 2 2 2 2 2 0 0 0 2 2 2 2 2 2 2 2 2 0 0 0 2 2 2 2 2 2 2 7 8 8 13 13 13 14 14 14 14 14 9 9 9 9 2 2 2 0 0 0 0 0 0 0 2 2 2 2]
[0 1 2 2 2 2 2 0 0 0 0 0 2 2 2 2 2 2 2 2 2 2 2 2 2 2 2 2 2 2 2 0 0 2 2 2 2 2 2 2 0 0 0 0 2 2 2 2 2 2 2 2 2 2 2 2 2 2 2 2 2 2 2 2 2 2 2 2 2 2 2 7 7 8 8 13 13 13 20 20 14 14 14 14 9 9 9 9 10 2 0 0 0 0 0 0 0 2 2 2 2]
[0 1 2 2 2 2 0 0 0 2 0 0 2 2 2 2 2 2 2 2 2 2 2 2 2 2 2 2 2 2 2 2 2 2 2 2 2 2 2 2 0 0 0 0 2 2 2 2 2 2 2 2 2 2 2 2 2 2 2 2 2 2 0 0 0 2 2 2 2 7 7 7 7 7 13 13 13 19 20 20 20 14 14 14 14 9 9 10 10 10 10 0 0 0 0 2 2 2 2 2 2]
[0 1 2 2 2 2 2 2 2 2 0 0 2 2 2 2 2 2 2 2 2 2 2 2 2 2 2 2 2 2 2 2 2 2 2 2 2 2 2 2 2 2 2 2 2 2 2 2 2 2 2 2 2 2 2 2 2 2 2 2 2 2 2 0 0 2 2 7 7 7 7 7 7 13 13 13 13 19 19 20 20 20 20 14 14 14 10 10 10 10 10 10 10 0 0 2 2 2 2 2 2]
[0 1 2 2 2 2 2 2 2 2 2 2 2 2 2 2 2 2 2 2 2 0 0 2 0 0 2 2 2 2 2 2 2 2 2 2 2 2 2 2 2 2 2 2 2 2 2 2 2 2 2 2 2 2 2 2 2 2 2 2 0 0 2 0 0 7 7 7 7 7 7 13 13 13 13 13 19 19 19 23 20 20 20 14 14 15 15 15 15 15 10 10 10 10 0 2 2 2 2 2 2]
[0 1 2 2 2 2 2 2 2 2 2 2 2 2 2 2 2 2 2 2 2 0 0 0 0 0 2 2 2 2 2 2 2 2 2 0 2 2 2 2 2 2 2 2 2 2 2 2 2 2 2 2 2 2 2 2 2 2 2 2 0 0 0 0 0 7 7 7 7 12 13 13 13 13 13 19 19 19 23 23 23 20 20 20 15 15 15 15 15 15 15 10 10 10 2 2 2 2 2 2 2]
[0 1 2 2 2 2 2 2 2 2 2 2 2 2 2 2 2 2 2 2 2 2 0 0 0 0 0 2 2 2 2 2 0 0 0 0 2 2 2 2 2 2 2 2 2 2 2 2 2 2 2 2 2 2 2 2 2 2 2 2 2 0 0 0 6 7 7 7 12 12 12 12 19 19 19 19 19 19 23 23 23 23 20 20 20 20 20 20 15 15 15 10 10 10 2 2 2 2 2 2 2]
[0 1 2 2 2 2 2 2 2 2 2 2 2 2 2 2 2 2 2 2 2 0 0 0 0 0 0 0 2 2 2 2 0 0 0 0 0 0 2 2 2 2 2 2 2 2 2 2 2 2 2 2 2 2 2 2 2 2 2 2 2 2 0 0 6 6 6 12 12 12 12 19 19 19 19 19 19 19 23 23 23 23 20 20 20 20 20 20 21 15 15 10 10 10 2 2 2 2 2 2 2]
[0 1 2 2 2 2 2 2 2 2 2 2 2 2 2 2 2 2 2 2 2 0 0 0 0 0 0 0 0 0 0 0 2 0 0 0 0 0 2 2 2 2 2 2 2 2 2 2 2 2 2 2 2 2 2 2 2 2 2 2 2 0 0 0 6 6 6 12 12 12 19 19 19 19 23 23 23 23 23 23 23 24 24 24 24 24 21 21 21 15 15 10 10 10 2 2 2 2 2 2 2]
[0 1 2 2 2 2 2 2 2 2 2 2 2 2 2 2 2 2 2 2 2 2 0 0 0 0 0 0 0 0 0 0 0 0 0 0 0 2 2 2 2 2 2 2 2 2 2 2 2 2 2 2 2 2 2 2 2 0 0 2 0 0 0 0 6 6 6 12 12 12 19 19 19 23 23 23 23 23 23 23 24 24 24 24 24 24 21 21 15 15 15 11 11 11 2 2 2 2 2 2 2]
[0 1 2 2 2 2 2 2 2 2 2 2 2 2 2 2 2 2 2 2 2 0 0 0 0 0 0 0 0 0 0 2 0 2 2 0 0 2 2 2 2 2 2 2 2 2 2 2 2 2 2 2 2 2 2 2 2 0 0 0 0 0 2 2 6 6 6 12 12 12 18 18 18 23 23 23 23 0 25 25 25 24 24 24 24 21 21 21 15 15 11 11 11 2 2 2 2 2 2 2 2]
[0 1 2 2 2 2 2 2 2 2 2 2 2 2 2 2 2 2 2 2 2 2 2 0 0 0 0 0 0 2 2 2 2 2 2 2 2 2 2 2 2 2 2 0 0 2 0 0 2 2 2 2 2 2 2 2 0 0 0 0 0 2 2 2 2 6 6 6 12 12 12 18 18 18 23 23 23 23 24 24 24 24 24 21 21 21 21 16 16 15 11 11 11 2 2 2 2 2 2 2 2]
[0 1 2 2 2 2 2 2 2 2 2 2 2 2 2 2 2 2 2 2 2 2 2 2 0 0 0 0 0 0 2 2 2 2 2 2 2 2 2 2 2 2 2 0 0 0 0 2 2 2 2 2 2 2 2 2 0 0 0 0 0 0 2 2 2 6 6 6 12 12 12 12 18 18 18 18 22 22 24 24 24 24 24 21 21 21 16 16 16 11 11 11 2 2 2 2 2 2 2 2 2]
[0 1 2 2 2 2 2 2 2 2 2 2 2 2 2 2 2 2 2 2 2 2 2 0 0 0 0 0 0 0 2 2 2 2 2 2 2 2 2 2 2 2 0 0 0 0 0 2 2 2 2 2 2 2 2 2 2 2 0 0 0 0 2 2 2 2 6 6 6 12 12 12 12 18 18 22 22 24 24 24 24 24 24 24 21 21 16 16 11 11 11 11 2 2 2 2 2 2 2 2 2]
[0 1 2 2 2 2 2 2 2 2 2 2 2 2 2 2 2 2 2 2 2 2 2 0 0 0 2 2 0 0 0 2 2 2 2 2 2 2 2 2 2 2 0 0 0 0 0 0 2 2 2 2 2 2 2 2 2 2 0 2 2 2 2 2 2 2 2 6 6 6 14 14 14 18 18 22 22 22 24 22 22 24 24 24 21 21 16 16 11 11 11 2 2 2 2 2 2 2 2 2 2]
[0 1 2 2 2 2 2 2 2 2 2 2 2 2 2 2 2 2 2 2 2 2 2 2 0 2 2 2 2 2 2 2 2 2 2 2 2 2 2 2 2 2 0 2 0 0 0 0 2 2 2 2 2 2 2 2 2 2 2 2 2 2 2 2 2 2 2 5 5 5 14 14 14 18 18 22 22 22 22 22 22 22 22 21 21 21 16 16 16 11 11 2 2 2 2 2 2 2 2 2 2]
[0 1 2 2 2 2 2 2 2 2 2 2 2 2 2 2 2 2 2 2 2 2 2 2 2 2 2 2 2 2 2 2 2 2 2 2 2 2 2 2 2 2 2 2 0 0 2 2 2 2 2 2 2 2 2 2 2 2 2 2 2 2 2 2 2 2 2 5 5 5 14 14 14 18 18 22 22 22 22 22 17 22 22 21 21 21 16 16 16 11 11 2 2 2 2 2 2 2 2 2 2]
[0 1 2 2 2 2 2 2 2 2 2 2 2 2 2 2 2 2 2 2 2 2 2 2 2 2 2 2 2 2 2 2 2 2 2 2 2 2 2 2 2 2 2 2 2 2 2 2 2 2 2 2 2 2 2 2 2 2 2 2 2 2 2 2 2 2 2 2 5 5 14 14 14 18 18 18 22 22 22 17 17 17 22 21 21 21 16 16 16 12 12 2 2 2 2 2 2 2 2 2 2]
[0 1 2 2 2 2 0 0 0 2 2 2 2 2 2 2 2 2 2 2 2 2 2 2 2 2 2 2 2 2 2 2 2 2 2 2 2 2 2 2 2 2 2 2 2 2 2 2 2 2 2 2 2 2 2 2 2 2 2 2 2 2 2 2 2 2 2 2 5 5 14 14 14 18 18 18 17 17 17 17 17 17 17 17 16 16 16 16 12 12 12 2 2 2 2 2 2 2 2 2 2]
[0 1 2 2 2 2 0 0 0 2 0 0 2 2 2 2 2 0 0 2 2 2 2 0 0 0 0 2 2 2 2 2 2 2 2 2 2 2 2 2 2 2 2 2 2 2 2 2 2 2 2 2 2 2 2 2 2 2 2 2 2 2 2 2 2 2 2 2 5 5 14 14 14 18 18 17 17 17 17 17 13 17 17 17 16 16 16 16 12 12 12 2 2 2 0 0 0 2 2 2 2]
[0 1 2 2 2 2 2 0 0 0 0 0 2 2 0 0 0 0 0 2 2 2 0 0 0 0 0 2 2 2 2 2 2 2 2 2 2 2 2 2 2 2 2 2 2 2 2 2 2 2 2 2 2 2 2 2 2 2 2 2 2 2 2 2 2 2 2 2 5 5 5 14 14 14 14 17 17 13 13 13 13 13 13 12 16 16 12 12 12 12 12 2 2 2 0 0 0 2 2 2 2]
[0 1 2 2 0 0 0 0 0 0 0 0 2 2 2 0 0 0 0 0 2 2 0 0 0 0 0 0 2 2 2 2 2 2 2 2 2 2 2 2 2 2 2 2 2 2 2 2 2 2 2 2 2 2 2 2 2 2 2 2 2 2 2 2 2 2 2 2 5 5 5 14 14 14 13 13 13 13 13 13 13 13 13 12 12 12 12 12 12 12 2 2 2 0 0 0 2 2 2 2 2]
[0 1 2 2 2 0 0 0 0 0 2 2 2 2 2 0 0 0 0 0 2 2 0 0 0 0 0 0 2 2 2 2 2 2 0 0 2 2 2 2 2 2 2 2 2 2 2 2 2 2 2 2 2 2 2 2 2 2 2 2 2 2 2 2 2 2 2 2 2 5 5 5 14 14 13 13 13 13 13 4 3 3 13 12 12 12 12 12 12 2 2 2 2 0 0 0 2 2 2 2 2]
[0 1 2 2 2 2 0 0 0 0 0 2 2 2 0 0 0 0 0 2 2 2 0 0 0 0 0 0 2 2 2 2 2 0 0 0 0 0 0 2 2 2 2 2 2 2 2 2 2 2 2 2 2 2 2 2 2 2 2 0 0 2 2 2 2 2 2 2 2 5 5 4 4 4 4 4 4 4 4 4 3 3 3 3 3 3 3 3 2 2 2 2 0 0 0 0 2 2 2 2 2]
[0 1 2 2 2 2 0 0 2 0 0 0 2 2 2 2 2 0 0 2 2 2 2 2 0 0 2 2 2 2 2 2 2 0 0 0 0 0 0 0 2 2 2 2 2 2 2 2 2 2 2 2 2 2 2 2 0 0 0 0 0 2 2 2 2 2 2 2 2 2 4 4 4 4 4 4 4 4 4 4 3 3 3 3 3 3 3 3 3 2 2 0 2 2 0 0 2 2 2 2 2]
[0 1 2 2 2 2 0 0 2 2 2 2 2 2 2 2 2 2 2 2 2 2 2 2 2 2 2 2 2 2 2 2 2 0 0 0 0 0 0 0 2 2 0 0 0 2 2 2 2 2 2 2 2 2 2 2 2 0 0 0 0 0 2 2 2 2 2 2 2 2 2 4 4 4 4 4 4 4 4 0 0 0 0 3 3 3 3 3 3 2 2 2 2 2 2 2 2 2 2 2 2]
[0 1 2 2 2 2 2 2 2 2 2 2 2 0 0 2 2 2 2 2 2 2 2 2 2 2 2 2 2 2 2 2 2 2 2 2 2 0 0 0 0 0 0 0 0 0 2 2 2 2 2 2 2 2 2 2 2 0 0 0 0 0 2 2 2 2 2 2 2 2 2 2 2 2 2 0 0 0 0 2 0 0 0 0 2 2 2 2 2 2 2 2 2 2 2 2 2 2 2 0 0]
[0 1 2 2 2 2 2 2 2 2 0 0 2 0 0 0 2 2 2 2 2 2 2 2 2 2 2 2 2 2 2 2 2 2 2 2 2 0 0 0 0 0 0 0 0 2 2 2 2 2 2 2 2 2 2 2 0 0 0 0 0 2 2 2 2 2 2 2 2 2 2 2 2 2 2 0 0 0 2 2 0 0 0 0 2 2 2 2 2 2 2 2 2 2 2 2 2 2 0 0 0]
[0 1 2 2 2 2 2 2 2 2 0 0 0 0 0 2 2 2 2 2 2 2 2 2 2 2 2 2 2 2 2 2 2 2 2 2 0 2 0 0 0 0 0 0 2 2 2 2 2 2 2 2 2 2 2 2 2 2 0 0 0 2 2 2 2 2 2 2 2 2 2 2 2 2 2 2 0 2 2 2 2 0 0 0 2 2 2 2 2 2 2 2 2 2 2 0 2 0 0 0 0]
[0 1 2 2 2 2 2 2 2 2 2 0 0 0 0 0 0 2 2 2 2 2 2 2 2 2 2 2 2 2 2 2 2 0 0 0 0 0 0 0 0 0 0 0 2 2 2 2 2 2 2 2 2 2 2 2 2 2 2 2 2 2 2 2 2 2 2 2 2 2 2 2 2 2 2 2 2 2 2 2 2 2 2 0 2 2 2 2 2 2 2 2 2 2 2 0 0 0 0 0 0]
[0 1 2 2 2 2 2 2 2 0 0 0 0 0 0 0 0 2 2 2 2 2 2 2 2 2 2 2 2 2 2 2 2 0 0 0 0 0 0 0 0 0 0 0 0 0 2 2 2 2 2 2 2 2 2 2 2 2 2 2 2 2 2 2 2 2 2 2 2 2 2 2 2 2 2 2 2 2 2 2 2 2 2 2 2 2 2 2 2 2 2 2 2 2 2 0 0 0 0 0 0]
