[0 0 0 0 0 0 0 0 0 0 0 0 0 0 0 0 0 0 0 0 0 0 0 0 0 0 0 0 0 0 0 0 0 0 0 0 0 0 0 0 0 0 0 0 0 0 0 0 0 0 0 0 0 0 0 0 0 0 0 0 0 0 0 0 0 0 0 0 0 0 0 0 0 0 0 0 0 0 0 0 0 0 0 0 0 0 0 0 0 0 0 0 0 0 0 0 0 0 0]
[0 2 4 27 2 1 6 2 6 6 810 42 1 2 3 1 4 9 7 108 1 2 9 2 1 450 4 3 120 1 4 1 56 1 2 12 1 1 3 392 1 4 3 2 1 24 1 1 15 1 1 1 1 56 2 126 4 1 10 20 2 1 70 1 6 2 1 105 1 30 1 2 6 1 672 3 3 3 66 10 3 2 1 3 252 1 1 3 32 1 1 1 4 15 1 1 1 1 0]
[0 1 2 1 40 2 48 1 2 36 2 2 6 1 588 4 1 2 12 1 4 2646 8 1 24 15 1 2 6 8 450 8 1 2 1 3920 14 4 1 16 4 1 3 384 2 60 6 1 4 24 100 2 2 4 1 2 1 252 8 1 480 4 4 1 272 2 12 1 40 2 6 2 1 40 1 4 1 208 4 1 3 80 64 8 1 6 12 1 1 4 2 8 216 1 2 1 48 40 0]
[0 30 8 4 1 6 5 21 8 1 1 1 4 1 7 3 96 1 540 2 1 36 1 270 6 2 45 1 24 3 8 150 768 9 6 6 12 18 6 2 24 72 54 2 3 48 84 9 1 1 12 1 30 1134 6 2 36 5 1 1 18 1 216 3 2 72 1 4 2160 2 1 18 2 1125 20 1 6 1 1 10 63 32 2 1 6 8 10 3 120 45 1 2 2 1 15 36 2 2 0]
[0 2 1 108 2 20 16 1 40 2 36 2 64 280 1 16 10 8 4 9 1 2 16 12 2 1 156 6 4 1 6 15 64 196 12 1 12 2 1 6 1470 6 2 3 16 10 1 12 6 1 1 4 1 30 8 6 40 8 1 1 1 1512 1 4 210 4 2 36 1 280 896 24 3 16 1 32 3 360 9 12 1 1 1600 8 126 1 4 72 1 4 12 2 2 144 8 1 1 1 0]
[0 8 1 8 2 40 1 10 30 2 1 2 4 3 36 1 480 1 128 28 1 4 1 12 4 2 88 3 1 1 4 20 1 6 1 1 3 28490 5 192 3 2 1 24 20 20 2 4 110 1 1920 45 12 1 18 1 20 2 1 24 1 25 1 2 6 1 625 1 12 2 1 15 30 1 48 1 440 40 1 2 18 4 1 6 2 192 1 2 24 1 2 3 576 3 1 1 12 2 0]
[0 15 3 2 1 2 60 14 1 24 1 2 6 2 2772 4 2 216 2 36 12 1 360 2 36 1 4212 6 9 108 2 1 384 1 8 9 32 3 4 1 256 1 108 4 1 1 3 4 1344 54 1 4 6 2 1 36 1 4 216 6 4704 3 15 1 4 24 2 1302 1 48 12 6 1 60 1 16 1 1 1 16 315 1 2 1800 1 2 36 1 20 216 1 2 2 2 30 1 1 36 0]
[0 1 756 4 10 4 6 1 8 84 9 1008 3 1 1 16 1 4 1 456 8 2 24 1 1 3500 5 630 1 2 30 18 24 18 2 1 3150 1 84 6 2 48 1 210 8 2 80 3290 2 2058 2 1 1 48 2 4 42 1 2 27 2 1 52 56 1 12 1 24 6 1 4 12 2 2100 24 1 176 6 60 1 24 16 1 7 54 10 1 1 2 1 126 98 2 1 9 12 2 2 0]
[0 2 1 4 1 2 2 56 1 400 1 2 12 12 40 600 117 48 2 4 1 20 1 120 2 1 2 1 10 58 760 2 16 1 8 2 96 2 4 1 144 1 1 6 1 30 6 4 1 190 3 12 10 1 240 1 6 600 4 2 1 8 25 4 12 1 4 1085 60 4 1 3 96 2 2 192 6 1 4 90 4 1 144 144 2 1 288 4 4 24 1 1 3 4 2 6 800 1 0]
[0 36 2 4 8 448 1 2 48 6 1 2 1296 2 2 36 2 1 144 1 1 1134 1 126 270 1 24 4 12 150 1 4 1 80 1 504 6 4 24 1 1 108 1512 1 396 1 360 1 8 1 1296 1 4 162 1 4 2 8 1 1 6 24 324 1575 1 4 1 96 4 1 4 12 8 1000 1 6 60 8 1 4 1 120 3 8 1 72 120 36 2 1 6 32 48 4 1 216 1 36 0]
[0 12 9 24 1 12 3 84 20 2 252 1 2 1 24 1 2 14 1 27 1 4 3 4 15 9 1 1 36 4 1 18 256 1 1800 6 1 60 1 3 6 72 3 1 2 48 1 24 1 2940 1 8 1 960 10 120 1 4 180 6 1 2220 1 2 18 4 1600 2 1 12 16 90 1 2 6 16 2 1620 12 1 4 3 1 1 336 1 108 2 60 10 10 70 6 1 36 1 8 1 0]
[0 1 1 99 1 4 525 12 2 1 3 100 96 33 2 1 90 1 4 5016 22 1 3630 2 2 18 2 20 240 1 12 1 10 28 2 36 2 1 6688 24 18 1 144 20 1 3 2 1 24 2 16 495 143 2 1 3 660 2 1 330 20 8 4 1 2 286 352 4 80 1 6 1 4 1000 1 2 1 24 1 6 924 16 1 324 1 64 1 4 1 18 9 91 1 12 1 1 10 24 0]
[0 24 2 20 1 1 2 2 180 3 24 1 1 104 24 3 1 72 432 1 96 18 12 1 1 1 25 60 48 3 8 2 5760 1 2 6 300 6 1 3 2 450 1 30 4 1 30 1350 1 2 54 1 6 6 6 72 1 8 72 1 2 30 144 18 1 2 1024 1 4 6 400 2 12 1 10 1440 75 1 198 1 1 8568 8 32 6 1 4 56 2 16 1 1 1 48 420 18 2 1 0]
[0 1 24 1 208 48 1 1 15 1320 1 8 2 1 3 1350 4 1 594 8 1 168 1 24 24 1 8 1 84 4 7020 20 60 10 36 3 2 1 80 1 2 9 600 3 1 4 8 1 504 3 2 1 390 1 8 1 24 200 7 12 1 4 2 2 6 234 2 8 4680 35 2 2106 8 1 468 1 8 12 1 26 14 1 1 6 24 4 3 507 132 1 8 2 2496 12 3 2 60 6 0]
[0 8 10 70 1 8 2 108 1 2 4620 4 1 168 12 1 2 9 2 1 112 12 4 1 12 6 1 324 2 40 1 2 6 48 2 30 8 2 2 2 100 1 4 18060 60 4 765 1 4 12 2 6 30 6 1 1 3 44 20 1 4 24 1 2975 1 4 1 2 110 1 4 1 4 6 1 8 6 1 4 21280 1 8 350 1 8 1 4 1 4 126 2 36 3 1 1 1512 1 2 0]
[0 1 12 1 120 1 2 6 1 10 140 1 1680 1 2 12 2 1785 4 24 1 3 54 2 252 1 54 4 1 6 6 240 3 1 1 3150 6 9 120 30 1050 2 6 1 2 286200 1 12 1 20 39 1 1 45 120 6 1 18 1 2 72 1 96 312 6 8 9 224 1 8 18 720 1 8 2160 2 1 45 6 1 108 2 1 9 6 80 1 4 24 243 1 2 1 16 1 12 2 1 0]
[0 1 1 12 1 900 5 2 1 4 1 880 12 4 8 1 50 306 1 1 324 1 4 189 2 1 45 1 18 5568 2 1 270 1 24 1 12 1 4 1 24 3 210 28 1 4 1 2 3 28 1 45696 36 2 1 108 32 2 32 24960 1 16 1 8 1 720 2 2 27 1 2 12 2 16000 1 120 2 14 128 2 4 16 6 8 1 800 96 704 3 28 4 2 24 1 16 1 2304 3 0]
[0 1 4 12 8 2 6 784 1 2 1 33 8 1 5236 8 1 2 112 60 1 2 1 4 5 440 1 48 1 12 2 12 4 1 2 1120 2 2 9 9945 1 2 918 12 6 36 24 1 1224 3 408 1 1 9 2 1 1020 1 6 1 4 28305 4 8 6 1 1 204 40 4 136 8 170 1 384 1 1496 4 6 1 1 6 1 462 2 1 24 2 2 1 378 18 1 153 1496 4 1 39 0]
[0 120 9 2 1 24 1080 3 10 9 4 23166 3 144 1 2 18 6 10 1 12 45 3 2 88128 1 8 2 4 2 36 2 1 8 70 2 4 3 12 1 4 1224 10 1 1 6 8 13536 60 1 6 2 4 36 9 8 1 24 10 2 36 2 1 40320 1224 2 48 1 2 140 1 12 1 192 1 10 1 2 1 4 14 4 1 4 108 24 1 1 1 12960 4 1 18 10 1 6 4 1 0]
[0 3 10 500 1 8 1 2 1 16 1 4 1 50 28 836 2 4 2 128 1 4 2 15295 3 24 2 1 380 3 1 1 72 1 16796 1 228 56 1 144 63 3 2 1 18 1 2 78 6 1 24 18 1 2 456 1 44 1 2 144 1 4 36 3 1 6 1 25916 3 2 20 1 4 2 1 1216 12 2 6 2888 3 14 1824 1 12 1 96 3 192 2 1 4 16 1 192 1 3 24 0]
[0 1 48 2 1 3 240 1 12 1 1 60 1 1 140 2 1 12 1 45 60 1 2 6 1 2 48 3 56 32 4 61380 1 800 1 18 1 1 400 6 2 2 330 9 400 2 4 6 1 500 4 1 320 2 2 12 16 8 6400 1 40 9 2 1 60 1 576 4 1 108 3 2 2 30 3 1 2 1 2160 2 2 4080 1 640 2 2 6 432 1 4 2880 18 1 1200 2 36 1 1 0]
[0 1 2 2 96 2 2 12 4704 27 1 2 45 8 1 126 4032 1 12 12 1 832 10 8 1 40 5 11340 1 8 1 72 4 1 68 252 8 1134 1 1 1 4 4 1 2 4 567 144 1 2 3 160 7 3 1 1 3 4 1 60 3990 20 4 2 8 400 2 1 4 12 40 16 1 50 8 8 315 10 2 456 1 1 3 16 1 2730 1 24 4 12 6 2 48 1 1 36 10 2 0]
[0 60 12 1 6 1 8 1232 6 1 63 40 98 1 1008 4 1 810 1 2 2 1 29040 2 3 3 16 1 264 1 9240 1 176 2 50 4 1 4 4 375 21 12 1 1 34848 15 1 4 32 2 4752 1 32 60 24 2 22176 1 4 96 1 2 18 560 1 2 12 2 23100 1 4 1 3640 3 1 27 1 2 48 2 48 2 36 1 12 18 4608 9 1 2 24 1 8 2 120 1 8 1 0]
[0 2 2 12 4140 36 4 1 1 1 4 12 1 16 1 4 1 2 70 304 18 4 1 192 5 4 1 72 1 6 1320 2 2 72 2 1 24 2 1 6 14 161253 6 7 6 72 4 1 54 1 1 1575 33 1 2 1 2 3 9 1 4 24 1 144 4 2 690 12 8 2 483 2484 12 1 96 4 6 21 1440 1 4 72 1 6 2 1 18 1 8 2520 1 18 1 1 27 2 1 84 0]
[0 1 2 27 1 2 24 40 2 17496 1 16 1 120 6 72 3 2 1980 3 1 2 160 1 72 18 7488 1 8 6264 1 18 42 96 6 36 1 48 18240 1 2 12 1 1320 2 1 18 4 4 4 64 9 1 4 3168 2 1 360 19200 6 1 1 4800 4 1 2 1 60 1 6960 66 1 8 1 36 1 2 864 1 12 1 1056 2 8 3024 2 2 2 960 6 2 39 8 4 2 9 64 1 0]
[0 3 12 1 16 1 12 1 3200 3 99 1 24 9 1 4 96 24 1 24 180 1 6 4 1 2 1 42 1 1 40 2 2 2376 1 1 72 2 1 16575 150 1 70 189 4 2 450 1 450 1875 12 2 2 9 8 27 6 2 16 1 32 12 1 1 51000 25 192 1 4 2 4 80 1 8 3 720 1 2 3 96 4 1 3600 5 6 2 4 36 20 2 6 1 8400 20 1 12 10 8 0]
[0 1 416 2 72 10 3120 24 1 4 2 4 1 42 1 2 29120 2 2 36 1 2 1 1960 2 20 2 49140 8 36 2 1 8 1 4 2 8 2 54 2 2 12915 2 1 6 63 1 4 12 1 8 1 336 3 1 4 1440 2 1 48 19760 72 6 2 1 224 14 3 2 1 72 1 6 3120 2 1 5148 2 1 3 624 2 1 120 1 1 3 2 40 1 96 1274 27 1 6 27 6 2 0]
[0 324 1 12 1 1620 1 2 288 1 1 1620 1 2 10 6 20 2 24 2 200 48 2 1 3 40 1 1 6 2610 8 36 8 1 150 48 108 1 12 1 13440 1 1 2 1 1 2 168 1 48 1 16 1 432 11088 1 1 72 2 6 2 1 6 144 1 24 1 3 45 6 2 1224 1 2 9720 2 2 27 4 50 1 6 12 1 1890 5 8 1 2 36 1 12 1 84 1400 6 4 1 0]
[0 2 2 4 1 2 1512 24 1 36 9 4 1 3528 36 1 150 1 6 1 1 3 18 12 1 1 48048 1 4 1 4 15 1 1 120 2 1 88 17328 6 1 6 18 3 432 1 120 1 24 1 192 336 6 2 1 4032 1 4 1 2 10 1680 1 1 18 1 13440 8 12 40 1 1 6 48 1 36 2 1 9 30 2 4 432 4 1 819 1 6 40 2 16 4 1 2 48 3 1 2 0]
[0 1 6 4263 6 30 8 1 24 2 16240 1 42 15 2 1 6 8 40 3306 2 80 45 1 1 870 1 36 2 6 1890 4495 1 48 2 1 18270 1 2 32 4 24 2 64 2 31320 2 20 2 1 6 8 300 1 4 1 12 696 400 1 4 2 15 725 48 8 4 1 232 3364 6 2 1392 2 4 1 24 1 58 551 12 6 1 6 28 2 14 10296 2 1 225 1 36 2 2 45 6 4 0]
[0 9 312 1 8 1 1 1 24 1 16 432 2 4 1 9000 2 1 3 140 12 1 3 24 240 4500 4 2 72 1 2 8432 1 1 3 4 5 14 91 2 1 12 1 1 3 14 1 960 4 300 1 4 2 36 9 2 112 1 2 1200 1 264 4 1 4 1 5 540 1 3 17640 1 2 1 24 900 4 6 16 285 2 2 4 3 2 1 12600 1 16 42 1 32 3 880 1 540 30 39 0]
[0 1 2 30 20 8 1 24 2 60 1 8 1 2 252 2 8 153 15624 6 1 12 9 2 2 250 1 350 1 2 42 1 560 30 4 1 40 2 16 1 4 60 6 4 18 2 6 188 1 4 15 720 1 32 2 24 1 540 2 1 1170 2 1 4 16 1 54 6 240 1 2 24 4 4375 1 8 1 4 1 72 4 1 81 8 1 6045 1 2 1 120 4 3 1 2 45 144 1 4 0]
[0 2 1 2 2048 2688 1 4 1 16 24 1 21120 3 1 1 3 960 2 1 1280 1 11520 6 1 2 96 2 2 30 1 36 9 2 1 150 4 1 2 9 1080 1 84 1 2 30 1 4653 20 1 2 2 2 15 1 2 648 2 2 60 1 12 16 6 3570 3 8 1 8 2 24 3 2 1 300 4 60 3360 12 2 1 408 2 1 8 1 20 1 320 18 1 8 1 24 1 36 2 1 0]
[0 42 12 1 2 2 16 2 624 252 2 15 1 2 1 8 315 1 4 12 1280 2 1 3 48 8 1 2 3696 1980 8 1 12 1 180 1 36 12 1 72 1 4200 1 96 2 3 600 18 1 351 1 32 1683 198 540 6 2 1 36 1 10 72 2 1 9 140 1 4 1 720 2 24 5148 20 1 4 1 4 15 4 4 306 2 4 1 24 10 4 9 1 8 2450 24 1 1 4 120 3 0]
[0 1 2 36 2 1 18 350 33 2 1 105 2 624 72 1 2 102 1 1 12 476 16 4 4896 1 63648 48 3 1 1 300 1 12 6 10 4 1 1 1 10 1 192 1 3024 1 14 5 3528 1 24 2 4 24 1 1008 6 20 1 192 3 8 60 60 2 1 1728 3 24 4 1 3 40 1 2 12 160 4 32 1 64 1 32640 112 50 1 1 6 1 10 1792 6 1 4 308 20 3 136 0]
[0 40 4 1 63 144 21 1 14 48 3 2 36 12 1 450 1 12 308 12 2 40 3 1 2 84 1 3 12 522 2 4 6720 1 2 5880 8 10 4 4 48 9 2 4 198 2 2 2 1 60 4 1 1 1 16 352 2 1 4 16 1 1 3 980 1 6 1 4 320 1 6 6 32 4 1680 1 12 1 2 48 1 41650 16 1 1 1 600 8 2 9 6 1 216 15 9 2 1 3 0]
[0 1 4464 252 1 1 36 1 1 3 12960 1 8 1 2592 1 560 1 1 12 2 1 12 4968 2 540 6 1 1 9 2 1 3 40 54 1 18 6 24 81 4 1 1 1 4 72 2 3 36 2 7200 15 36 12 2 1 1440 1 72 1 1 1 8 6 36 18 1 1 36 3 2 14580 2 1 72 1518 1 4 24 1 864 2 1 6 108 390 1 1 12 180 1 8 1 80 2 4 1 208 0]
[0 2 1 72 20 2 9 12 1 36630 1 32 1 8 1 12 2 1 90 3515 6 2 1 8 90 5 12 1 448 6 6 30 80 72 222 168 1 28 1 30 2 1 41440 8 6 15 1 1 18 1 48 1 1 1 32 28 2 1 2 48 3 3 18500 2 1 4 1 60 2 24 42 6 8 6 48 1 12 1890 1 96 2 64 4 444 1 8 504 4 6 27 2 32 48 3 1 1 96 1 0]
[0 6 84 1 8 45 4 1 24 1 40 1 8 3 8 1080 12 6 1 1463 16 2 128 3 1 1 208 190 7 5 4218 1 8 5 8 1 40 1 2 1 48 5 2 4 2 40 8 1 6 8 3 1 1 128 2 1 8 4 8 1 10 160 1 8 2 200 4 925 1 2 2 1 10 28 96 36 1 4 1120 4 1 1 3 17100 10 1 2 2 1 16416 64 1 2 6 21 40 1 22 0]
[0 1 12 1 1 50 15 2457 1 1 45 72 308 1 12 1 2 18 1 2 9 1 4 2070 6 1 1 12 1 2233 10 6 4 1 4 40 1 72 1 2 9240 1 12 1 1 1250 1 20 1 24 540 6 12 180 300 8 1 80 3 25 2 1 4 1 350 351 2 1 336 2 8 8 936 2 5 1 4 2 1 14 16848 4 20 1 84 2 16 150 2 4 2 4 336 2 1 216 1 1 0]
[0 240 3 6 1 8 2 24 4 567 12 3 16 1 1 1 1280 1 3 6 32 144 1 2 432 3 1664 1 24 1 1 1 48 4 29232 1 4 5 24 1 1 294 1 24 12 4 2 2 96 4 4 1 18 1 2 252 84 1 2 756 54 4 1 16 1 4 756 1 4 90 108 1 2 1 3264 10 6 18 4 9 4 1 18432 2 64 1 1 3 8000 1 32 1 12 3 1 2 24 4 0]
[0 1 8 264 1 24 1 4 1 16 3 1 1 70 440 1 8 306 8 1 32000 1 2 6 1 20 72 2 2 6 5040 1 1 1 16 50 8 1 1 12 100 2 16 5 392 1 240 3 1 1 3 4000 1 2 6 1 30 6 8 2 6 4070 20 1 4 1 8 60 1 696 52 1 20 2 2 1 42 2 1 8 1 16 1 1170 1 16 2 8 1 72 1 16 18 123 1 4 984 1 0]
[0 1 1 3 720 1 8 252 16 1 36 1 6 192 3 16 1 28560 20 24 2 24 1200 12 2 36 1 16 1 72 1 10 3360 2 1 72 1 4 6 22848 2 1 2 1 5 72 2 54 2 2 18 1 2 36 2 192 8 1 4 1 4 18 30 14 1 396 2 1 180 8 6 1 2 560 16 2 1 3 48 1 378 1 2 6 1 780 1 936 12 1 8 6 1 60 1 18 2 24 0]
[0 1 8 72 1 8 1 4 1 54 2 6 132 516 1 2 4 56 1 120 1 2 1 1 6192 2 1 405 6 1 24 2 1 108 8 1 3150 6 312 1 4 1500 4 3 72 2 1 264 1 1 3 6 36 2 1 192 1 1 12 12 3 1 2 128 4 4 4 200 3 2 1 288 1 24 1 2 1 18060 1 12 270 2 54 18 6 1 54 1 2 90 1 20 13932 2 1 9 1 2 0]
[0 1 1 6 2 2520 16 32 2 8 10 1 720 1 2 15840 1 6 1 1 27 1 1 320 1 2 3640 1 36 8 1 252 2 18480 1 4 18 1 2 180 1 18 9 1 1 360 9 7 16 16 15 2 1 18 840 1 12 10 1 2 624 6 4 2 20 4 1 124 1 180 2 3 4 1 540 1 280 1 16 1 1 1 12 43740 4 4 980 8 16 1 8 83160 2 16 1 48 6 1 0]
[0 5 28 126 9 12 6 2 44 2 810 12 6 18 90 2 320 5 3 12 36 9 3 3 384 9 1 4 280 1 208 2 240 1 60 6 1 90 4 21 2 1 400 1 1 3 8 55 1 1 1 4 4 1 63 4 1 3 2640 2 1 135 1 1 9 48 20 3 1 2 20 648 1 4 1 40 1 13356 35 270 2 240 1 8 9 7020 2 1 30 2 2160 6 1 2 1800 1 32 12 0]
[0 24 1 6 2 2 216 1 78 1 2 17710 3 20 1 1 18 3 7452 1 4 1 16 20 1 28 2 648 1 784 3 1 2 24 1 1 28 9200 1 1 90 2 35 420 3 8 1 40 1 156 1 24 1 4 1 180 2 60 1 72 108 1 16 9 1 1 72 4 840 2 18 2 10 900 4 1 54 2 1 36 2 2 12 1 4 54 8 4 21 72 2 2 27 2 4 2 1 1 0]
[0 1 80 1 1 1 84 2 15792 3 10 2 1 3 8 810 1 1 54 40 4 1 6 1 672 1 60 2 3 2 2 5831 4 2 48 4 1 3 798 6 1 1 4 5 96 3 144 1 1 21 3 2 8 12 1 4 49 36 4 1 6 2 1 192 4 4 2 2 3 12 2 4080 1 4 54 11 263670 3 2 1 24 1 90 4 1 12 1 2 1 104 1 60 1 940 6 1 24 4 0]
[0 192 1 54 2400 32 1 33600 3 242 108 8 1 936 24 3 1 1 4 1 3 4032 12 32 1 15 4 2 1 2 150 6 1 2 3 30 4320 2 200 1 1 18 8 12 1 2 3 16 1120 10 1 6 1 2 40 1 84 1 8 1 28 2 144 13 12 1 36 80 1 2 1 8 3510 1 1 24 1 18 12 2 45 120 4 1 96 312 4 288 4 1 432 1 4 30 2 216 2 1 0]
[0 5 2 2 1 14 72 1 1 360 1 2 18 32 1 4 576 4 2 1045 28 1 4 1 384 3 780 4 2 12 2 1 360 10 6 432 1 6 4 4 18 1 16 1 504 1 1 1 1 1 30 224 2 40 224 30 1 32 1 2 3 1 1 12 1 256 3 1 1 8 20160 1 1 27 2 1 30 42 1 128 1 4 1 20 9 1 1 64 12 24 1 4 1080 2 1 4 40 196 0]
[0 144 1 16 4 1 2 16 1 8 72 12 1 2 100800 1 2 120 12 8 2 4 264000 1 3 2 4 60 50 12 14 24 1 60 1 2 10 3 2 1 15 1 2 6 1 288 1 4 10 192 1 1 306 1 2 3 2 1 1620 4 10 405 1 1 48 1 32 6 80 560 2 24 1 6000 1 4 1 4 10000 4 2 12 4 56 2 1456 12 6 2 1 8 3 12 3840 20 1 2 9 0]
[0 1 8 162 18 4 72 2 16 1 20 2750 6 4 2 48 3 1 2 6 1 1155 12 3 1 1 35 1 2 1 6 10 2 198 1 96 2 180 24 2 18 3 1 60 1 8 8 30 1 1 324 12 1 16 1 2890 1 1 6 40 1 12 6 2 24 14 1 1 6 1 2 6 5304 8 12 2 1 360 1 12 810 6 1 1 4 1 108 1 8 972 1 3 1 2 80 18 12 2 0]
[0 2 70 4 3 1 1 10 1 42 1 3 96 1 1 3 144 4 8 48 6 20 2 736 1 15600 14 2 900 4 2 3 24 1 810 2 1 1 1 210 1 2 9 420 3 4 1 160 18 1 1 16 35 1 8 2 72 2 1 126 2 2 72 4 2024 1 8 1 24 4 30 8 4 1 2 78936 12 1 480 1 1 1 360 6 40 104 15 3 1 15 100 10 12 1 3 6 1 3 0]
[0 30 1 12 4 2 6 90 15120 1 12 1 4 84 9 270 3816 1 2 6 1 4 1 7 576 1 2 144 1 154 1 6 1 1 12 1 4 48 4 1 308 10 126 6 64 126 12 2 1 54 1 2 245 4 6 1 1 120 2 48 1 20 1 6 3 71280 1 80 1 2 1 216 1 12 6 69 1 8 9 4 1 90 1 2 36 1 2 1080 1050 4 12 1 60 36 6 2 2 80 0]
[0 1 272 1 36 2 2856 2 2 30 192 1 6 1 2 20 1 28 288 48 1 2 216 8 1 24 8 1 12 232 9 112 1 24 1 36 1 120 1 528 1 174 2 1 4 1 2 4 1 2 3 1 165 2 1 63 6 1 1 9 1 1 28 6 1 2 144 1 4 36 20300 1 4 2 24 2 60 1 4 3591 1 68 2 2 1 32 2 24 3 2 1 40 4 3 1 1 450 1 0]
[0 6 60 20 4 1 12 1 6 3 1 3 150 8 1 1 1 1785 2 1 6 1 20 1 2592 1 2 12 60 1 4 3 3 189 8 1 60 3 2 1 924 1 16 1 48 4 672 1 10 24 1 2 1 1260 2 1 42 24 2 8 2322 1 72 2 1 48 1 35 1320 3 8 8 3744 1 12 1 1 48 1 12 72 1 12 60 1 1 3 301 12 2 2 18 2 2 480 16 1 12 0]
[0 1 6 2 1 80 1 280 54 3 16 495 1 1 36 360 6 2 2 8 225 8 1 108192 5 736 4 2 1 8 1 12 392 3 1 2 16 12 1 16 1 14 4 1 1 1 4 4 45448 2 40 12 4 2 12 15 4 1 1 3 40 6 2 12 8 1 4 3648 4 1 2 3 4 360 1 18 12 1 16800 1 720 16 1 2 3 208 8 1 1 3 30 1 378 18 24 1 56 1 0]
[0 1 16 648 15 48 4 8 1 4 2 64 6 1 1 105 1 2 18 1 12 25 378 18 1 24 1 32 1 12 21 2 1 6 110 54 1 2 36 1 4 1230 6 1 4 6 150 1 24 1 6 750 4 1 1 3 90 2 12 252 2 1 360 3 4 1 576 1 120 1 4 2 16 1 133824 2 1 54 1 4 18 1 70 52 327180 4 72 4 28 864 5 328 3 2 2 144 3 72 0]
[0 4160 2 8 2 2 1 252 2 1 1 4 12 1 56 1200 6 240 28 288 1 1 3 56 4 2 4 1 108 928 78 8 12 90 4 1 16 2 550 2 72 1 1 1 8 5 36 4 1 6336 1 2 2 2 4 6 1 2 12 1 4 60 2 6 1 2 21 1 1 48 3 1 1 1200 1 1 12 1 30 2 1 1280 2 2 1 16640 4 2 1 12 8 2 6 5 1 4 1 12 0]
[0 1 1 36 1 8 2 4 9 7722 3 132 1 60 1 2 1 4 21 1 36 4 264 8 1 50 105 16 1 4 1 558 2 1 6 1 2 60 117 4 1 96 12 1568 1 4 1 8 2 2 1 4 45 8 1 12 2 448 1 8 1 1080 1 2 18 24 1560 1 8 1 2340 48 2 600 2 24 12 2 1320 10 1 1 1 8 480 2 1 288 4 4 36 1 18720 234 6 24 4 2 0]
[0 12 2 147 4 4 6 6 4 1 1440 1 64 7 440 1 4 2 1 10 15 1 18 1 8 1100 2 1 4 16 200 2 4 1 28 45 2640 6 1 4 1 2 2 18 5 1 540 192 6 1 54 6 168 1 4 2 528 1 4 1 208 5 24 4 1 4 2 4092 1 240 2 1 4 3 1260 2 1 162 1 2 16416 2 4 18 1 56 1 4 1 2 1 72 126 20 1 6 12 1 0]
[0 1 96 2 1 85 35 140 1 4 2 264 3 2886 6 3 24 96 2 10 3200 2 4 2 5328 4 2 3552 3 2 1 2 10 360 1 1 1 2072 6 48 3 2 1 24 3920 24 4 1 12 15 14 1 1 6 3 1 2 3108 1 32 2 1 4 32760 8 1 2 1 20 1 252 4 12 2 8 2 144 2 1 1995 1 4 1 864 1 2 1 8 60 648 2 9 1 1 6 144 1 3 0]
[0 1 1 30 112 2 1 7 126 2 1 45 1 28 1 32 25920 8 12 1 4 1100 1 1 9 1 24336 1 120 12 2 1620 1 12 6 4 300 3 1 1 64 3 2430 1 2 432 1 8 3 72 1 470 2 1 3 18 4 1 504 1 2 54 1 2 27 196 10 2 260 28 2 1 8 1 2 1 72 16 6 12 36 31824 4 1 18 40 20 1 8 1 240 1 8 1 36 6 4 1 0]
[0 12 1 8 1 20 2 105 2 8 720 2 2 2 2 1 60 1 160 1 160 1 144 16 1 17500 1 16 3 1 6 64 6 4 1 18000 1 128 2 8 1 48 2 2 24 9 2 2 48 1 150 5 36 6 364 4 1 18 1 120 1 1 12 288 1 12 1 3627 3 1 2 512 1 32 6 368 1 6 1 8 1 4 18 12 1 15 288 60 1 1 1 8 2520 2 4 1 72 12 0]
[0 15 2 1 64 1 3 2 1 27 1 2 9360 1 16 4 16 1 42 3 10 1 1 1 8 75 4 1 3808 2 72 1 22440 1 2 18 1 5 30 9 4 2 48 1 100 1 1 36 2 10 16 1 4 2 88 1 72 2 16 1260 2 6 1 2 12 1 6 1 18 1260 48 5 23868 1 2 714 6 1 20 18 12 1 2688 1 300 1 2 2 112 510 4352 12 6 1 2 10 48 1 0]
[0 1 80 2 12 20790 4 4 54 1 4 18 12 6 48 1 2 3 252 4 80 3 16 7 64 10 4 40 1 126 2 1 10 48 6 2 9 8 27 28314 1 1 3 6 4 1 36 1 1 120 1 2 9 1 2 324 1 2 18 1 2 4884 10 1 3744 1 4 42 3 1 1 48 2 2 35 4 288 2 1 6 1 150 3168 1 8 2 96 1 4 1 16 3 1 20 360 396 1 4 0]
[0 6 8 3 2 1 240 1 4 1 7680 4 3 2 4 96 1 4 576 512 4 16 1 3200 3 24 1 1 20 928 3 1 2 280 2 1 48 1 2 6 12320 3 12 1 1 900 36 2 6 9 1 12 6 72 252 1 4 180 1 8 2 84 12 12 2 12 1 576 660 2 8 3 32 1 4 1 16 960 7 570 2 80 1 6 3 1 4 9 12 16 1 180 12 1 12 1 8 5184 0]
[0 2 8 5208 2 8 1 8 2 80 1 2046 27 1 1 99 6 1 18 1 2 63 28 2 1 4 16 20 1 899 558 496 2 1 21 32 300 8 6 1 4 400 1 208 3 16 1 28 1 84 1 2 3 2 1 12 2028 1 12 2 1 25 2 2 12 1 225 1 1 156 30 1 9 24800 16 4 2 1 300 1 180 1 4 36 2 8 1 176 2 1 24 1 10 2 8 12 1 2 0]
[0 1 4 1 72 1 8 210 6 1 18 2 1440 3 24 1 864 1 4 1 16 1 264 48 4 1 2 30 60 1 6 4 1 1980 22 1 6 2 96 144 1 8 24 112 6 3 48 768 10 1 450 450 10 1 12 204 4 6 810 16 40 84 12 1 2 16 2 4 420 870 1 2 15 9 2 1 3960 2 2 6 1 4 432 1 4 135 9 1 27000 2 2 1 32 16 36 1 480 4 0]
[0 176 8 2 4 48 1 2 4032 2 4 3 1 24 2 4 80 3 48 6 1 18 1 2 5568 3 812 1 70 20 1 2 6 40 1 16 864 1 270 1 42 2 1 1 16 1 2 54 5616 1 4 6 32016 6 1 144 2 2 3 5 3 1 1 12 140 2 1 2 9 2 1 280 6 1 4 96 6 2 1 39672 2 2 1 32 1 8 1 28 486 1 20 18 1 1 24 4 4 1 0]
[0 1 1 504 1 6 2 1568 6 2 1 8 8 567 1 24 12 81 1 2 2800 84 168 4 1 150 3 250 6 4 24 4 3360 2 1 2 216 3 6 168 1 1 168 1 1 6 192 1 1 36 1 1 18 210 50 2 12 1 12 240 1 148 4 56 1 8 360 60 1 4 12 1 4 12 80 4 2 8 73920 2 3 75 4 90 2352 1 8 1 2 990 1 2 96 22 160 1 56 2 0]
[0 1 68 2 48 1 408 1 1 12 96 12 6 1 33264 1 6 6 32 10 8 1 432 1 24 3 4 72 4 1 4 1 2 48 1 16 1 18944 1 2 8 2 1 1 12 1800 1 16 2 3888 2 12 4 60 1 1 1620 360 1 4 3 4995 1 2 42 2 1 12 6 1 2 320 1 4050 6 3 270 1 1 336 1 1 3 4 6 41067 32 1 40 1 6048 126 1 4 2 4 2 4 0]
[0 3 32 1 6 6 144 2 24 65 3 6 1 180 1 1 3 1 7776 1 6 6 56 4 12 2 1 12 1 1 3600 150 3 2 1 3 216 1 8 24 12 280 20 8 4 1 8 1 2 2 108 52 1 2 6 10192 12 1 1 24 2 1 98280 27 1 8 12 3 80 4 896 1 6 30 4 2 3 4 120 1 1 1 48 12 4 2 26208 60 1 48 4 1 40 910 1 12 1 4 0]
[0 400 1 12 1 600 4 2 3 1 120 2 1 2 84 6 1 144 3 8 1 36 12 1 96 1 12 1 120 3 12 1 12 8250 30 500 18 48 2 1 2 2 1 2 1 234 1 4 30 1 1 12 1 48 1 32 1 4 8125 1 156 1 4 52500 32 3 90 4 1 18 1 20 520 3 1 1 8 1 16 24 24 1 8 15 1 1 12 2 16 4 1 2 56 1 99 1 8 21 0]
[0 1 4 72 2 16 1728 1 2 18 1 4 192 1 4 28 18432 6 2 32 1 4 3 96 144 3 144 3 2 10150 1 12 4 2 1 2 4 2 4 312 8 32 6 12 30 168 12 1 2 384 1 1 18 1 30 1 8 96 1 52416 3 150 1 36 1 1 160 1 4 1 352 1 6 144 32256 5 2 72 1 8 1 8 5 6480 54 36 2 1 6 1 6 216 1 480 384 4 1 6 0]
[0 30 1 1 48 1 20 120 2 1 12 3036 1 6 138 1 138 4 1 12 4 8 1 10 3 5750 5 80 1 6 2 1 10 12 4 48 11592 1 1 3 276 1 1 98 140 4 1 54 4 2 1656 90 8 1 50600 36 1 4 6 3 2 1 96 1 84 2 1 60 6 4 1 1134 2 1 3 504 1 2 621 1 52 90 1104 1 1 1 432 2 16 3 48 10 2 30 1 2700 4 2 0]
[0 1 16 2 64 4 1 3 128 2 1 2 96 8 1 24 2 1 96 1 840 6 1 4 126 1 1 594 308 6 1584 1 30 4 1 2 6 210 12 3432 1 264 1 2 18 1 4 3168 28 1 6 9 96 29700 1 1 48 1 105 264 1 48 1 8 1 3696 12 13640 1 378 12 1 4 396 2 1 3080 4 12 14 1 1 78 120 2 30 1 70 90 20 4 1 1 1 36 4 1 396 0]
[0 6 20 72 6 2 2 420 1 180 8 1 15 4 4 1 3 11424 1 44 14 1 12 1 72 8 6 84 1 1 6 30 1 2 6 1 1 24 1 2457 4 1 13230 84 1 6678 2 1 288 15 1 1 3 8 100 4 1 16 1 15 288 2 504 1 16 1 2 15 2520 3 1 6 8736 1 6 150 2 6 1 1 20 6 4 1 5292 1 4 12 2 1 2592 2 2 6 8 1 28 1 0]
[0 1 2 12 2 1 2 7 5760 2 1 6 48 12 1 594 3 4 19440 1 2 12 5 4 1 1 2 216 6 2 1 240 2 40 1 18900 18 1 30 4 20 6 4 1 3520 1 1440 2 18000 56 1 2 3 2 1 6 252 1 4 2 8 1 60 4 864 36 8 1 6 2 480 1620 1 1 336 8 1 48 2 2 1 7140 1 4 24 1 600 2 3600 2 1 4 2 10 384 9 2 6 0]
[0 1 608 4 18 15 48 6 2 4 3040 4 38 1026 16 3 2 1 8 722 342 3 196 1 8 4 1 10 2 13775 8 1 30 1 6270 2 1 2736 3 8 1 64 1 864 1 4 3 30 120 1 99 1 2 9 96 4 1 4 96 1 4 26640 18 1 8 4 1 2 2520 1 8 1 16 9 48 2 2 3 608 1 72 1 30 6 1 126 1 1 120 1 64 1 1 3 48 1 2 1 0]
[0 120 4 1 2016 1 4 72 3 1 1 21 2 2 45 2 2 336 1 4 1 16 1 552 1 4 15 144 1 12 1 12 1 54054 6 5 2 6 1 2 40 1 864 2 24 1 1404 1 4 1458 4 2 198 72 270 1 4 1458 1 80 6156 2 1 42 12 1 4 36 1 8 1296 20 4 1 4 1 72 756 1 6 17496 4 1 180 3 2 1 18 1 32 1 720 8 1080 4 1 48 2 0]
[0 2 1 8 3 1 2 12 24 8 2 605 48 1 2 1 120 2 540 3 4 1 16 76245 8 1 84 1 20 2 100 1 18 3 2 15 69768 2 1 18 1 12 36 1 2 1800 2 8 1 48 1 20 9 1 2 3078 72 1 2 30 1 12 2 1 15606 24 1 1 3 300 4 1 832 2 8 2 4 3 1 1 9 108 2 264 1 4 3 120 1 15606 2 8 3 1 2 72 2 42 0]
[0 4 6 1 8 24 12 1 15 1 3 4 1 546 1 12 12 1 4 2 21 76608 2 1 2 168 1 4 147 1 10 4 1 2 1 42 1 72 3 8 15808 1 2 18 1 24 1 42 45 1 8 1 2 1040 42 1 1 2 36 1 1 84 3 27216 10 1 13824 100 9 1 2 160 192 3 128 483 1 12 15 2 1 3 4 5 800 4 16 1 24 2 1 2 16 32 2560 1 4 1 0]
[0 1 48 42 1 2250 4 1 15 42 2 4 2 1 4 4 420 15 2160 1 40 1 192 6 22680 1 4 6 2 96 3 1680 4 1 8 24 2 6 35 24 1 4 18 12900 300 9 6 4 175 18 4 1 54 4 1 630 2 3 1680 2 12 1 1680 2 3 4 8 3 16 2 108 3 6 14 16 1 924 2 90 40 1 6375 1 20 6 2 4 1 300 270 32 4 2 1 16 4 2 6 0]
[0 18 2 1 64 3 1 1 112 56 1 8 1 32 1 7560 1 12 1 80 1 672 1 4 1 24 1 1620 1 30 4 1 840 20 1 4 1 4 85120 1 12 189 3 1 1 3 10 1 1820 14 1 3 1 8 1 2 24 48 1 2 48 33670 2 4 1 72 200 1 14 3 5 6 1 1 12 14 3080 1 4 1 576 1 100 3 1 2 6 405 1 24 2 1 6 2 140 1 3528 1 0]
[0 3 1 2 8 2 6864 4 32 1 18 60 4 2 160 1 8 1 48 2 1 3 8 1 576 1 56 1 40 4 1 8 1 42 5 48 8 1 30 1 4 1 2 128 2 4 30 1 4 1 20 60333 4 2 390 2 8 3 7280 1 48 4 1 60 4 1 6 1 60 702 5 1 4 12 1 5382 1 140 14 112 1 8 1 480 2 12 2 1 40 1 14 160 1 24 1 1560 4 1 0]
[0 1 9 36 4 1 2 1008 15 4 1 48 1 312 48 1 36 1 12 8 3 36 1 460 1 8 2 1944 2 1 720 3 16 2 1512 14 1 12 1 72 1 2 42 270 1 140 2 1 12 18 4 6 172224 32 2 792 2 1 9 45 2 1 168 1 6 6 132 4 180 2 72 18 3 30 4 1 108 4 6 6 432 1 36 1 72 525 40 6 2 1 540 12 96 1 4 12 1 12 0]
[0 15 1 1 3 1 5 2 1 324 1 6 864 2 2 54 2 4 15 1 72 1 4 506 2 396 1 2 36 8 1 13640 1 1 54 1 72 5 54 1 12 13200 1 52 24 1 40 30 2 1 4 2 1 18 1 2 2970 2 4 4 1 18 2 2 528 35937 2 550 1 2 6 5 300 6 4 528 3 1 4 8 1 160 2 2640 3 1 2 660 48 3 12 4 60 2 72 1 48 1 0]
[0 48 2 8 120 45 2 8 1 2 84 1 8 1 108 2 1 90 162 135 1 4 1 16 90 1 36 4 1 2 8 1 3200 60 2 24 2 2250 1 1 1 4 1200 1 1 720 1 2 6 160 1 4 2 16 12 16 1 1440 1 2 36 1480 16 1 4 1 2 12 2 8 1440 1 6 12 40 2 2 12 1 342 8 1 4 1 20 2 8 1 10 4 10 1 1 3 5 40 1 252 0]
[0 1 72 1 1 150 1 2 2 32 1 1 1 24 2 1620 45 2 1 12 2 162 1584 1 2 12 144 15 7 108 1 432 1 4 1 8 1 18 2 6 21 4 1 144 2 1 54 1222 15 2 2 108 60 3 1 1 96 2 6 9 4 1 240 20 16 4 216 4 1620 1 4 1 2 45 2 1 648 1 4 81 6 6 5616 1 8 6 2 24 2 12 2 1 1080 12 2 1 16 1 0]
[0 32 1 378 3 1 144 3 1 1 6 15 4608 1 2 12 2 6 2 1 288 1 2 4 16 1 8 1 1792 3 24 3 2 36 12 1 24 16 144 7 1 21 2 1 336 36 1 1 1920 1 264 2 1 120 4 144 2 1 15 1440 1 4 864 1 24 1 4 1 4 175 1 3 1 1 20 552 1 16 1 10 80 1 1 9 2 1 1 21 1 1 1440 3 1 6 1 4 12 6 0]
[0 1 196 12 1 12 1 2 15 252 1 2 3 30 6 2 1 9 3 1995 1 12 2 1 11088 10 1 6 2 1 30 1 6 2 1 33 21 3 2 15288 54 2 8 560 3 2 12 280 4 42 1 12 70 49 1 2 24 21 8 1 5586 6 1 36 1 80 1 1 3 36 1 1 2496 1 4 1 504 1 8 1 1 1 84 48 1 45 1092 8 2 288 1 20 1 4 2 540 2 1 0]
[0 2 1 6 1 2 2 504 3 1 8 7986 6 6 96 18 4 1 320 3 1 2 3960 16 1 6 144 1 32 2 16 1 240 1 16 216 3 1 1 96 1 4 1 80 1 24 1 120 3 2 24 1 30 6 140 1 6 1 2 36 1 480 30 1 2 4 24 3 6 1 80 3600 2 4 48 8 3 5292 72 4 120 80 1 2 3 624 25 3 8 1 8 900 6 6 1 4 40 1 0]
[0 2 2 225 5 24 2 1 540 4 1 4 4 2 2 2 32 1 4 2 12000 6 1 1 3 4 3 1 1 144 1 80 1 12 12 1 8 2 72 2 960 48 2 8 1 8 155480 2 1 3 2 1 4 84 3 6 384 1 8 12 1 6 1 1 160 21 1 4 3 3 1 2 4160 450 14 1 1 3 16 1 24 2 1 12 32 1 8 1 168 80 3 1 2 9 12 1 2 120 0]
[0 1 4 3 2 75 16 1 12 84 12 1 36 1 2 1 140 5712 1 6 6 20 4 168 36 1 4 2700 1 2 6 2 150 1 4 12 1 720 6 1 2 36 1 1 18 1 18 360 1 8 480 4 1 6 1 200 4 3 1 1 4560 6 1 45 1 1 48 12 20 36 4 1 60 1 4 16 1 840 1 36 2 4 3 1 4 3 1 1 9 1 2 1 150 1 40 2 32 1 0]
[0 20 1 8 1 10 1 72 1 2 42 144 1 4 27 3 6 2 8 1 2 6 1 12 3 6 18 3 6 54 2 1 256 1 2 27 16 9 1 4 864 1 24 4 4 45 1 2 180 2 4 1 144 4 2 2 4 1 216 36 2 1 9 5460 2 12 2 1 6 1 36 2 2 6 2 2 216 1 4 3648 1 2 3 16 18 6 1 128 24 3 6 1 24 1 24 12 1 12 0]
[0 1 20 1 64 60 4 1 24 1 1 108 2 4 1 24 4 1 6 2 240 2 96 10 8 3 1 2 96 1 1200 3 4 12 396 2 8 1 168 6 1 1 12 1 2 1320 4 14 1 1 1 8 2 1 56 5160 1 60 2 1 60 2 1 12 3 18 4 4 60 2 6 1 4 15 192 1 4 2 16 6 3 8 15 1 2 240 1 2 12 1 4 8 4 96 1 300 8 1 0]
[0 14 1 24 1 1 864 4 1 4 16 1 36 1 6 1 1 9 1134 36 2 1 9 2 1 350 8 1 4 2 10 4 320 1 4 1 20 8 1 1 6 63 990 20 21 2 1 20 8 2 2 6 10 132 2 1 72 1 1 12 1 25 126 1 8 990 1 3 1 2 75 10 1 18 1 6 1 12 1 24 4 40 1 300 1 2 5 22 1 1 12 1 4 1 16 1 1 2 0]
[0 0 0 0 0 0 0 0 0 0 0 0 0 0 0 0 0 0 0 0 0 0 0 0 0 0 0 0 0 0 0 0 0 0 0 0 0 0 0 0 0 0 0 0 0 0 0 0 0 0 0 0 0 0 0 0 0 0 0 0 0 0 0 0 0 0 0 0 0 0 0 0 0 0 0 0 0 0 0 0 0 0 0 0 0 0 0 0 0 0 0 0 0 0 0 0 0 0 0]
